 1  B  3  B  F  B  7  B  9  FB  11  B  13  B  F  B  17  B 
 1  B  3  FB  5  B  7  FB  9  B  11  FB  13  B  15  FB  17  B 
 1  FB  3  FB  5  FB  7  FB  9  FB 
 1  2  3  4  5  6  7  8  9  10  11  B  13  F  15  16  17  18  19  20  21  22  23  B  25  26  27  F  29  30  31  32  33  34  35  B  37  38  39  40  41  F  43  44  45  46  47  B  49  50  51  52  53  54  55  F  57  58  59  B  61  62  63  64  65  66  67  68  69  F  71  B  73  74  75  76  77  78  79  80  81  82  83  FB  85  86  87  88  89  90  91  92  93  94  95  B  97  F  99  100  101  102  103  104  105  106  107  B  109  110  111  F  113  114  115  116  117  118  119  B 
 1  B  3  B  5  B  F  B  9  B  11  B  13  FB  15  B  17  B  19 
 1  2  3  F  5  6  7  F  9  10  11  FB  13  14  15  F  17  18  19  F  21  22  23  FB  25  26  27  F  29  30 
 1  2  3  4  5  6  7  8  9  10  11  12  13  14  15  16  17  18  19  20  21  22  B  24  25  26  27  28  29  30  31  32  33  34  35  36  37  38  39  40  41  42  F  44  45  B  47  48  49  50  51  52  53  54  55  56  57  58  59  60  61  62  63  64  65  66  67  68  B  70  71  72  73  74  75  76  77  78  79  80  81  82  83  84  85  F  87  88  89  90  91  B  93  94  95  96  97  98  99  100  101  102  103  104  105  106  107  108  109  110  111  112 
 1  2  3  4  5  6  7  8  9  10  B  12  13  F  15  16  17  18  19  20  21  B  23  24  25  26  27  F  29  30  31  32  B  34  35  36  37  38  39  40  41  F  43  B  45  46  47  48  49  50  51  52  53  54  B  F  57  58  59  60  61  62  63  64  65  B  67  68  69  F  71  72  73  74  75  76  B  78  79  80  81  82  83  F  85  86  87  B  89  90  91  92  93  94  95  96  97  F  B  100  101  102  103  104  105  106  107  108  109  B  111  F  113  114  115  116  117  118  119  120  B  122  123  124  125  F  127  128  129  130  131  B  133  134  135  136  137  138  139  F  141  142  B  144  145  146  147  148  149  150  151  152  153  FB  155 
 1  B  3  B  F  B  7  B  9  FB  11  B  13  B  F  B  17  B 
 B  B  B  B  B  B  B  B  FB  B  B  B  B 
 1  2  3  4  5  6  7  8  9  10  11  12  13  14  15  16  17  B  F  20  21  22  23  24  25  26  27  28  29  30  31  32  33  34  35  B  37  F  39  40  41  42  43  44  45  46  47  48  49  50  51  52  53  B  55  56  F  58  59  60  61  62  63  64  65  66  67  68  69  70  71  B  73  74  75  F  77  78  79  80  81  82  83  84  85  86  87  88  89  B  91  92  93  94  F  96  97  98  99  100  101  102  103  104  105  106  107  B  109  110  111  112  113  F  115  116  117  118  119  120  121  122  123  124  125  B  127  128  129  130  131  132  F  134  135  136  137  138  139  140  141  142  143  B  145  146  147  148  149  150  151  F  153  154  155  156  157  158  159  160  161  B  163  164  165  166  167  168  169  170  F  172  173  174  175  176  177  178  179  B  181  182  183  184  185  186  187  188  189  F  191  192  193  194  195  196  197  B  199  200  201  202  203  204  205  206  207  208  F  210  211  212  213  214  215  B  217  218  219  220  221  222  223  224  225  226  227  F  229  230  231  232  233  B  235  236  237  238  239  240  241  242  243  244  245  246  F  248  249  250  251  B  253  254  255  256  257  258  259  260  261  262  263  264  265  F  267  268  269  B  271  272  273  274  275  276  277  278  279  280  281  282  283  284  F  286  287  B  289  290  291  292  293  294  295  296  297  298  299  300  301  302  303  F  305 
 1  2  3  4  5  6  7  8  9  10  11  12  13  14  B  16  17  18  19  20  21  22  23  F  25  26  27  28  29  B  31  32  33  34  35  36  37  38  39  40  41  42  43  44  B  46  47  F  49  50  51  52  53  54  55  56  57  58  59  B  61  62  63  64  65  66  67  68  69  70  71  F  73  74  B  76  77  78  79  80  81  82  83  84  85  86  87  88  89  B  91  92  93  94  95  F  97  98  99  100  101  102  103  104  B  106  107  108  109  110  111  112  113  114  115  116  117  118  119  FB  121  122  123  124  125  126  127  128  129  130  131  132  133  134  B  136  137  138  139  140  141  142  143  F  145 
 1  2  3  4  5  6  7  8  9  10  11  12  13  14  15  16  17  18  19  20  21  22  23  24  B  26  27  28  29  30  31  32  33  34  35  36  37  38  39  40  41  42  43  44  45  46  47  48  49  FB  51  52  53  54  55  56  57  58  59  60  61  62  63  64  65  66  67  68  69  70  71  72  73  74  B  76  77  78  79  80  81  82  83  84  85  86  87  88  89  90  91  92  93  94  95  96  97  98  99  FB  101  102  103  104  105  106  107  108  109  110  111  112  113  114  115  116  117  118  119  120  121  122  123  124  B  126  127  128  129  130  131  132  133  134  135  136  137  138  139  140  141  142  143  144  145  146  147  148  149  FB 
 1  2  3  4  5  6  7  8  9  10  11  12  13  14  15  16  17  18  19  20  21  22  23  24  25  26  27  28  29  30  31  32  33  34  35  36  37  38  39  40  41  42  43  44  F  46  47  48  49  50  51  52  B  54  55  56  57  58  59  60  61  62  63  64  65  66  67  68  69  70  71  72  73  74  75  76  77  78  79  80  81  82  83  84  85  86  87  88  89  F  91  92  93  94  95  96  97  98  99  100  101  102  103  104  105  B  107  108  109  110  111  112  113  114  115  116  117  118  119  120  121  122  123  124  125  126  127  128  129  130  131  132  133  134  F  136  137  138  139  140  141  142  143  144  145  146  147  148  149  150  151  152  153  154  155  156  157  158  B  160  161  162  163  164  165  166  167  168  169  170  171  172  173  174  175  176  177  178  179  F  181  182  183  184  185  186  187  188  189  190  191  192  193  194  195  196  197  198  199  200  201  202  203  204  205  206  207  208  209  210  211  B  213  214  215  216  217  218  219  220  221  222  223  224  F  226  227  228  229  230  231  232  233  234  235  236  237  238  239  240  241  242  243  244  245  246  247  248  249  250  251  252  253  254  255  256  257  258  259  260  261  262  263  264  B  266  267  268  269  F  271  272  273  274  275  276  277  278  279  280  281  282  283  284  285  286  287  288  289  290  291  292  293  294  295  296  297  298  299  300  301  302  303  304  305  306  307  308  309  310  311  312  313  314  F  316  317  B  319  320  321  322  323  324  325  326  327  328  329  330  331  332  333  334  335  336  337  338  339  340  341  342  343  344  345 
 1  2  3  4  5  6  7  8  9  10  11  B  13  14  15  16  17  18  19  20  21  22  23  FB  25  26  27  28  29  30  31  32  33  34  35  B  37  38  39  40  41  42  43  44 
 1  2  3  4  5  6  7  8  9  10  11  12  13  14  15  16  17  18  19  B  21  22  23  24  25  26  27  28  29  30  31  32  33  34  35  36  37  38  39  B  41  42  43  44  45  46  47  48  49  F  51  52  53  54  55  56  57  58  59  B  61  62  63  64  65  66  67  68  69  70  71  72  73  74  75  76  77  78  79  B  81  82  83  84  85  86  87  88  89  90  91  92  93  94  95  96  97  98  99  FB  101  102  103  104  105  106  107  108  109  110  111  112  113  114  115  116  117  118  119  B  121  122  123  124  125  126  127  128  129  130  131  132  133  134  135  136  137  138  139  B  141  142  143  144  145  146  147  148  149  F  151  152  153  154  155  156  157  158  159  B  161  162  163  164  165  166  167  168  169  170  171  172  173  174  175  176  177  178  179  B 
 1  2  3  4  5  6  7  8  9  10  11  B  13  14  15  16  17  18  19  20  21  22  23  B  25  26  27  28  29  30  31  32  33  34  35  B  37  38  39  40  41  42  F  44  45  46  47  B  49  50  51  52  53  54 
 B  FB  B  FB 
 1  B  3  B  5  FB  7  B  9  B  11  FB  13  B  15  B  17  FB  19 
 1  2  3  4  5  6  B  8  9  10  11  12  13  FB 
